"AAPL.Open" "AAPL.High" "AAPL.Low" "AAPL.Close" "AAPL.Volume" "AAPL.Adjusted"
"2017-01-03" 28.950001 29.0825 28.690001 29.0375 115127600 27.297693
"2017-01-04" 28.9625 29.127501 28.9375 29.004999 84472400 27.267139
"2017-01-05" 28.98 29.215 28.952499 29.1525 88774400 27.405804
"2017-01-06" 29.195 29.540001 29.1175 29.477501 127007600 27.71133
"2017-01-09" 29.487499 29.8575 29.485001 29.747499 134247600 27.965151
"2017-01-10" 29.692499 29.844999 29.575001 29.7775 97848400 27.993353
"2017-01-11" 29.684999 29.9825 29.65 29.9375 110354400 28.143766
"2017-01-12" 29.725 29.825001 29.5525 29.8125 108344800 28.026258
"2017-01-13" 29.7775 29.905001 29.702499 29.76 104447600 27.976906
"2017-01-17" 29.584999 30.059999 29.555 30 137759200 28.202518
"2017-01-18" 30 30.125 29.9275 29.997499 94852000 28.200171
"2017-01-19" 29.85 30.022499 29.842501 29.945 102389200 28.150822
"2017-01-20" 30.112499 30.112499 29.932501 30 130391600 28.202518
"2017-01-23" 30 30.202499 29.942499 30.02 88200800 28.221323
"2017-01-24" 29.887501 30.025 29.875 29.9925 92844000 28.195471
"2017-01-25" 30.105 30.525 30.07 30.469999 129510400 28.644361
"2017-01-26" 30.4175 30.610001 30.4 30.485001 105350400 28.658464
"2017-01-27" 30.535 30.5875 30.4 30.487499 82251600 28.660814
"2017-01-30" 30.2325 30.407499 30.165001 30.407499 121510000 28.585606
"2017-01-31" 30.2875 30.3475 30.155001 30.3375 196804000 28.519802
"2017-02-01" 31.7575 32.622501 31.752501 32.1875 447940000 30.258953
"2017-02-02" 31.995001 32.3475 31.945 32.1325 134841600 30.207254
"2017-02-03" 32.077499 32.297501 32.040001 32.27 98029200 30.33651
"2017-02-06" 32.282501 32.625 32.224998 32.572498 107383600 30.620884
"2017-02-07" 32.634998 33.022499 32.612499 32.8825 152735200 30.912312
"2017-02-08" 32.837502 33.055 32.805 33.009998 92016400 31.032175
"2017-02-09" 32.912498 33.112499 32.779999 33.105 113399600 31.256418
"2017-02-10" 33.115002 33.235001 33.012501 33.029999 80262000 31.185595
"2017-02-13" 33.27 33.455002 33.1875 33.322498 92141600 31.461763
"2017-02-14" 33.3675 33.772499 33.3125 33.755001 132904800 31.870115
"2017-02-15" 33.880001 34.067501 33.654999 33.877499 142492400 31.985779
"2017-02-16" 33.9175 33.974998 33.709999 33.837502 90338400 31.948019
"2017-02-17" 33.775002 33.9575 33.775002 33.93 88792800 32.035343
"2017-02-21" 34.057499 34.1875 33.994999 34.174999 98028800 32.266663
"2017-02-22" 34.107498 34.279999 34.0275 34.2775 83347600 32.363445
"2017-02-23" 34.345001 34.369999 34.075001 34.1325 83152800 32.22654
"2017-02-24" 33.977501 34.165001 33.82 34.165001 87106400 32.257214
"2017-02-27" 34.285 34.360001 34.07 34.232498 81029600 32.320957
"2017-02-28" 34.27 34.360001 34.174999 34.247501 93931600 32.335117
"2017-03-01" 34.4725 35.037498 34.400002 34.947498 145658400 32.996025
"2017-03-02" 35 35.07 34.689999 34.740002 104844000 32.800117
"2017-03-03" 34.695 34.9575 34.647499 34.945 84432400 32.993671
"2017-03-06" 34.842499 34.942501 34.650002 34.834999 8.7e+07 32.889812
"2017-03-07" 34.764999 34.994999 34.697498 34.880001 69785200 32.932301
"2017-03-08" 34.737499 34.950001 34.705002 34.75 74828800 32.809555
"2017-03-09" 34.685001 34.697498 34.262501 34.669998 88623600 32.734024
"2017-03-10" 34.8125 34.84 34.66 34.785 78451200 32.842602
"2017-03-13" 34.712502 34.857498 34.705002 34.799999 69686800 32.856766
"2017-03-14" 34.825001 34.912498 34.709999 34.747501 61236400 32.807201
"2017-03-15" 34.852501 35.1875 34.7575 35.115002 102767200 33.154182
"2017-03-16" 35.18 35.255001 35.064999 35.172501 76928000 33.208458
"2017-03-17" 35.25 35.25 34.9725 34.997501 175540000 33.043228
"2017-03-20" 35.099998 35.375 35.057499 35.365002 86168000 33.390217
"2017-03-21" 35.5275 35.700001 34.932499 34.959999 158119600 33.007832
"2017-03-22" 34.962502 35.400002 34.939999 35.355 103440800 33.380779
"2017-03-23" 35.314999 35.395 35.1525 35.23 81385200 33.262753
"2017-03-24" 35.375 35.435001 35.087502 35.16 89582400 33.196655
"2017-03-27" 34.8475 35.305 34.654999 35.220001 94300400 33.253315
"2017-03-28" 35.227501 36.009998 35.154999 35.950001 133499200 33.942539
"2017-03-29" 35.919998 36.122501 35.797501 36.029999 116760000 34.018093
"2017-03-30" 36.047501 36.125 35.875 35.982498 84829200 33.973236
"2017-03-31" 35.93 36.067501 35.752499 35.915001 78646800 33.909504
"2017-04-03" 35.927502 36.029999 35.762501 35.924999 79942800 33.918938
"2017-04-04" 35.8125 36.2225 35.7925 36.192501 79565600 34.171513
"2017-04-05" 36.055 36.365002 35.952499 36.005001 110871600 33.994476
"2017-04-06" 36.072498 36.130001 35.862499 35.915001 84596000 33.909504
"2017-04-07" 35.932499 36.044998 35.817501 35.834999 66688800 33.833973
"2017-04-10" 35.900002 35.970001 35.724998 35.7925 75733600 33.793846
"2017-04-11" 35.735001 35.837502 35.014999 35.407501 121517600 33.430347
"2017-04-12" 35.400002 35.537498 35.252499 35.450001 81400000 33.470467
"2017-04-13" 35.477501 35.595001 35.262501 35.262501 71291600 33.293446
"2017-04-17" 35.369999 35.470001 35.217499 35.4575 66328400 33.477554
"2017-04-18" 35.352501 35.509998 35.2775 35.299999 58790000 33.328842
"2017-04-19" 35.470001 35.5 35.112499 35.169998 69313600 33.206104
"2017-04-20" 35.305 35.73 35.290001 35.610001 93278400 33.621544
"2017-04-21" 35.610001 35.669998 35.462502 35.567501 69283600 33.581406
"2017-04-24" 35.875 35.987499 35.794998 35.91 68537200 33.90477
"2017-04-25" 35.977501 36.224998 35.967499 36.1325 75486000 34.114853
"2017-04-26" 36.1175 36.150002 35.845001 35.919998 80164800 33.91423
"2017-04-27" 35.98 36.040001 35.827499 35.947498 56985200 33.940186
"2017-04-28" 36.022499 36.075001 35.817501 35.912498 83441600 33.907135
"2017-05-01" 36.275002 36.799999 36.240002 36.645 134411600 34.59874
"2017-05-02" 36.884998 37.022499 36.709999 36.877499 181408800 34.818253
"2017-05-03" 36.397499 36.872501 36.067501 36.764999 182788000 34.712044
"2017-05-04" 36.630001 36.785 36.452499 36.6325 93487600 34.586933
"2017-05-05" 36.689999 37.244999 36.689999 37.240002 109310800 35.160515
"2017-05-08" 37.2575 38.424999 37.2575 38.252499 195009600 36.116474
"2017-05-09" 38.467499 38.720001 38.362499 38.497501 156521600 36.347797
"2017-05-10" 38.407501 38.485001 38.0275 38.314999 103222800 36.175488
"2017-05-11" 38.112499 38.517502 38.077499 38.487499 109020400 36.488342
"2017-05-12" 38.674999 39.105 38.6675 39.025002 130108000 36.997921
"2017-05-15" 39.002499 39.162498 38.762501 38.924999 104038800 36.903118
"2017-05-16" 38.985001 39.014999 38.68 38.8675 80194000 36.848606
"2017-05-17" 38.400002 38.642502 37.427502 37.5625 203070800 35.611385
"2017-05-18" 37.817501 38.334999 37.782501 38.134998 134272800 36.154156
"2017-05-19" 38.345001 38.494999 38.157501 38.264999 107843200 36.277401
"2017-05-22" 38.5 38.645 38.227501 38.497501 91865600 36.497826
"2017-05-23" 38.724998 38.724998 38.327499 38.450001 79675600 36.452789
"2017-05-24" 38.459999 38.5425 38.1675 38.334999 76712000 36.343758
"2017-05-25" 38.432499 38.587502 38.2575 38.467499 76942400 36.469387
"2017-05-26" 38.5 38.560001 38.327499 38.4025 87710400 36.407753
"2017-05-30" 38.355 38.607498 38.3325 38.4175 80507600 36.421982
"2017-05-31" 38.4925 38.5425 38.095001 38.189999 97804800 36.206299
"2017-06-01" 38.2925 38.3325 38.055 38.294998 65616400 36.30584
"2017-06-02" 38.395 38.862499 38.2225 38.862499 111082800 36.843861
"2017-06-05" 38.584999 38.612499 38.365002 38.482498 101326800 36.483601
"2017-06-06" 38.474998 38.952499 38.445 38.612499 106499600 36.606857
"2017-06-07" 38.755001 38.994999 38.619999 38.842499 84278400 36.824898
"2017-06-08" 38.8125 38.884998 38.599998 38.747501 85003200 36.73484
"2017-06-09" 38.797501 38.797501 36.505001 37.244999 259530800 35.310387
"2017-06-12" 36.435001 36.522499 35.627499 36.355 289229200 34.466614
"2017-06-13" 36.790001 36.862499 36.287498 36.647499 136661600 34.743912
"2017-06-14" 36.875 36.875 35.959999 36.290001 126124800 34.404987
"2017-06-15" 35.830002 36.119999 35.552502 36.072498 128661600 34.198784
"2017-06-16" 35.945 36.125 35.549999 35.567501 201444400 33.720016
"2017-06-19" 35.915001 36.685001 35.915001 36.584999 130165600 34.684658
"2017-06-20" 36.717499 36.717499 36.235001 36.252499 99600400 34.369438
"2017-06-21" 36.380001 36.517502 36.1525 36.467499 85063200 34.573265
"2017-06-22" 36.442501 36.674999 36.279999 36.407501 76425200 34.516384
"2017-06-23" 36.282501 36.790001 36.2775 36.57 141757600 34.670444
"2017-06-26" 36.7925 37.07 36.345001 36.455002 102769600 34.561428
"2017-06-27" 36.252499 36.540001 35.904999 35.932499 99047600 34.066059
"2017-06-28" 36.122501 36.5275 35.790001 36.4575 88329600 34.563782
"2017-06-29" 36.177502 36.282501 35.57 35.919998 125997600 34.054211
"2017-06-30" 36.112499 36.240002 35.945 36.005001 92096400 34.134796
"2017-07-03" 36.220001 36.325001 35.775002 35.875 57111200 34.011555
"2017-07-05" 35.922501 36.197498 35.68 36.022499 86278400 34.151386
"2017-07-06" 35.755001 35.875 35.602501 35.682499 96515200 33.829044
"2017-07-07" 35.724998 36.1875 35.724998 36.044998 76806800 34.17271
"2017-07-10" 36.0275 36.487499 35.842499 36.264999 84362400 34.381294
"2017-07-11" 36.182499 36.462502 36.095001 36.3825 79127200 34.492683
"2017-07-12" 36.467499 36.544998 36.205002 36.435001 99538000 34.542461
"2017-07-13" 36.375 37.122501 36.360001 36.942501 100797600 35.023598
"2017-07-14" 36.9925 37.3325 36.8325 37.259998 80528400 35.324612
"2017-07-17" 37.205002 37.724998 37.142502 37.389999 95174000 35.447857
"2017-07-18" 37.299999 37.532501 37.1675 37.52 71475200 35.571106
"2017-07-19" 37.619999 37.855 37.487499 37.755001 83692000 35.793896
"2017-07-20" 37.875 37.935001 37.547501 37.584999 68974800 35.632721
"2017-07-21" 37.497501 37.610001 37.220001 37.567501 105010400 35.616138
"2017-07-24" 37.645 38.110001 37.474998 38.022499 85972800 36.047493
"2017-07-25" 37.950001 38.459999 37.950001 38.185001 75415600 36.201565
"2017-07-26" 38.337502 38.482498 38.264999 38.365002 63124000 36.372208
"2017-07-27" 38.4375 38.497501 36.825001 37.639999 129905200 35.684864
"2017-07-28" 37.4725 37.557499 37.297501 37.375 68854800 35.433628
"2017-07-31" 37.474998 37.5825 37.032501 37.182499 79383600 35.251129
"2017-08-01" 37.275002 37.555 37.102501 37.512501 141474400 35.563984
"2017-08-02" 39.82 39.9375 39.040001 39.285 279747200 37.244415
"2017-08-03" 39.262501 39.302502 38.755001 38.892502 108389200 36.872307
"2017-08-04" 39.017502 39.349998 38.922501 39.0975 82239600 37.066662
"2017-08-07" 39.264999 39.73 39.1675 39.702499 87481200 37.640236
"2017-08-08" 39.650002 40.4575 39.567501 40.02 144823600 37.941238
"2017-08-09" 39.814999 40.317501 39.7775 40.264999 104526000 38.173515
"2017-08-10" 39.974998 40 38.657501 38.830002 163217200 36.957619
"2017-08-11" 39.150002 39.642502 39.017502 39.369999 105028400 37.471577
"2017-08-14" 39.830002 40.052502 39.6875 39.962502 88490800 38.035511
"2017-08-15" 40.165001 40.549999 40.035 40.400002 117862000 38.451912
"2017-08-16" 40.485001 40.627499 40.037498 40.237499 110686400 38.297241
"2017-08-17" 40.130001 40.177502 39.459999 39.465 111762400 37.561996
"2017-08-18" 39.465 39.875 39.18 39.375 109712400 37.476334
"2017-08-21" 39.375 39.4725 38.7775 39.302502 105474000 37.407333
"2017-08-22" 39.557499 40 39.505001 39.945 86418400 38.018856
"2017-08-23" 39.767502 40.1175 39.720001 39.994999 77596400 38.066441
"2017-08-24" 40.107498 40.185001 39.637501 39.817501 79275600 37.897499
"2017-08-25" 39.912498 40.139999 39.817501 39.965 101920400 38.037895
"2017-08-28" 40.035 40.5 39.982498 40.3675 103864000 38.420975
"2017-08-29" 40.025002 40.779999 40 40.727501 118067600 38.763622
"2017-08-30" 40.950001 40.9725 40.6525 40.837502 109078400 38.868313
"2017-08-31" 40.91 41.130001 40.869999 41 107140400 39.022987
"2017-09-01" 41.200001 41.235001 40.907501 41.012501 66364400 39.034882
"2017-09-05" 40.9375 41.0625 40.139999 40.52 117874000 38.566132
"2017-09-06" 40.677502 40.747501 40.130001 40.477501 86606800 38.525677
"2017-09-07" 40.522499 40.560001 40.09 40.314999 87714000 38.371006
"2017-09-08" 40.215 40.287498 39.6325 39.657501 114446000 37.745209
"2017-09-11" 40.125 40.512501 39.9725 40.375 126323200 38.42812
"2017-09-12" 40.6525 40.990002 39.692501 40.215 286856000 38.275837
"2017-09-13" 39.967499 39.990002 39.477501 39.912498 179629600 37.987923
"2017-09-14" 39.747501 39.849998 39.522499 39.57 95042800 37.661942
"2017-09-15" 39.6175 40.2425 39.5 39.970001 196458400 38.042648
"2017-09-18" 40.0275 40.125 39.5 39.6675 113077600 37.754738
"2017-09-19" 39.877499 39.942501 39.610001 39.682499 83242400 37.769012
"2017-09-20" 39.474998 39.564999 38.4575 39.017502 211805600 37.136086
"2017-09-21" 38.950001 38.950001 38.1875 38.3475 150046800 36.49839
"2017-09-22" 37.884998 38.067501 37.639999 37.9725 186581600 36.14146
"2017-09-25" 37.497501 37.9575 37.290001 37.637501 177549200 35.82262
"2017-09-26" 37.945 38.48 37.922501 38.285 146640000 36.438896
"2017-09-27" 38.450001 38.68 38.384998 38.557499 102016800 36.698257
"2017-09-28" 38.4725 38.57 38.174999 38.32 88022000 36.472214
"2017-09-29" 38.302502 38.532501 38 38.529999 105199200 36.672081
"2017-10-02" 38.564999 38.612499 38.18 38.452499 74795200 36.598316
"2017-10-03" 38.502499 38.772499 38.477501 38.619999 64921200 36.75774
"2017-10-04" 38.407501 38.465 38.115002 38.369999 80655200 36.519791
"2017-10-05" 38.544998 38.860001 38.512501 38.8475 85135200 36.974277
"2017-10-06" 38.7425 38.872501 38.639999 38.825001 69630400 36.95285
"2017-10-09" 38.952499 39.182499 38.872501 38.959999 65051600 37.081348
"2017-10-10" 39.014999 39.5 38.775002 38.974998 62468000 37.095623
"2017-10-11" 38.9925 39.244999 38.9375 39.137501 67622400 37.25029
"2017-10-12" 39.087502 39.342499 38.932499 39 64500400 37.119423
"2017-10-13" 39.182499 39.32 39.102501 39.247501 65576800 37.354988
"2017-10-16" 39.474998 40 39.412498 39.970001 96486000 38.042648
"2017-10-17" 39.945 40.217499 39.807499 40.1175 75989200 38.183029
"2017-10-18" 40.105 40.177502 39.900002 39.939999 65496800 38.014091
"2017-10-19" 39.1875 39.27 38.755001 38.994999 170336800 37.114658
"2017-10-20" 39.1525 39.4375 38.990002 39.0625 95896400 37.178902
"2017-10-23" 39.2225 39.422501 38.875 39.0425 87937200 37.15987
"2017-10-24" 39.072498 39.355 39.049999 39.275002 71028800 37.381165
"2017-10-25" 39.227501 39.387501 38.817501 39.102501 84828400 37.21698
"2017-10-26" 39.307499 39.4575 39.195 39.352501 68002000 37.454922
"2017-10-27" 39.822498 40.900002 39.674999 40.762501 177816800 38.796928
"2017-10-30" 40.9725 42.017502 40.93 41.68 178803200 39.670189
"2017-10-31" 41.974998 42.412498 41.735001 42.259998 144187200 40.222221
"2017-11-01" 42.467499 42.485001 41.4025 41.7225 134551200 39.710644
"2017-11-02" 41.650002 42.125 41.32 42.0275 165573600 40.000938
"2017-11-03" 43.5 43.564999 42.779999 43.125 237594400 41.045513
"2017-11-06" 43.092499 43.747501 42.93 43.5625 140105200 41.461914
"2017-11-07" 43.477501 43.8125 43.400002 43.702499 97446000 41.595169
"2017-11-08" 43.665001 44.060001 43.5825 44.060001 97638000 41.935425
"2017-11-09" 43.7775 44.025002 43.285 43.970001 117930400 41.84977
"2017-11-10" 43.7775 43.845001 43.567501 43.6675 100582000 41.711258
"2017-11-13" 43.375 43.625 43.349998 43.4925 67928400 41.544098
"2017-11-14" 43.259998 43.369999 42.794998 42.834999 99130000 40.916054
"2017-11-15" 42.4925 42.580002 42.095001 42.27 116632400 40.376369
"2017-11-16" 42.794998 42.967499 42.575001 42.775002 94550000 40.858746
"2017-11-17" 42.759998 42.8475 42.41 42.537498 87598000 40.631878
"2017-11-20" 42.572498 42.639999 42.389999 42.494999 65049600 40.591293
"2017-11-21" 42.695 43.424999 42.695 43.285 100525200 41.345898
"2017-11-22" 43.34 43.75 43.262501 43.740002 102355600 41.780514
"2017-11-24" 43.775002 43.875 43.662498 43.7425 56106800 41.782902
"2017-11-27" 43.762501 43.77 43.334999 43.522499 82867200 41.572762
"2017-11-28" 43.575001 43.717499 42.965 43.267502 105715200 41.329185
"2017-11-29" 43.157501 43.23 41.790001 42.369999 166665600 40.471889
"2017-11-30" 42.607498 43.035 42.110001 42.962502 166108800 41.037853
"2017-12-01" 42.487499 42.9175 42.125 42.762501 159037200 40.846809
"2017-12-04" 43.119999 43.154999 42.407501 42.450001 130169600 40.548306
"2017-12-05" 42.264999 42.880001 42.099998 42.41 109400800 40.510098
"2017-12-06" 41.875 42.549999 41.615002 42.252499 114240000 40.359646
"2017-12-07" 42.2575 42.610001 42.227501 42.330002 102693200 40.433685
"2017-12-08" 42.622501 42.75 42.205002 42.342499 93420800 40.445621
"2017-12-11" 42.299999 43.2225 42.197498 43.1675 141095200 41.233665
"2017-12-12" 43.037498 43.0975 42.865002 42.924999 77636800 41.002018
"2017-12-13" 43.125 43.384998 43 43.067501 95273600 41.138142
"2017-12-14" 43.099998 43.282501 42.912498 43.055 81906000 41.126205
"2017-12-15" 43.407501 43.5425 43.115002 43.4925 160677200 41.544098
"2017-12-18" 43.720001 44.299999 43.715 44.105 117684400 42.129169
"2017-12-19" 43.7575 43.8475 43.522499 43.634998 109745600 41.680214
"2017-12-20" 43.717499 43.855 43.3125 43.587502 93902400 41.634846
"2017-12-21" 43.5425 44.005001 43.525002 43.752499 83799600 41.79245
"2017-12-22" 43.669998 43.855 43.625 43.752499 65397600 41.79245
"2017-12-26" 42.700001 42.8675 42.419998 42.642502 132742000 40.732182
"2017-12-27" 42.525002 42.695 42.427502 42.650002 85992800 40.739346
"2017-12-28" 42.75 42.962502 42.619999 42.77 65920800 40.853977
"2017-12-29" 42.630001 42.647499 42.305 42.307499 103999600 40.412189
"2018-01-02" 42.540001 43.075001 42.314999 43.064999 102223600 41.135754
"2018-01-03" 43.1325 43.637501 42.990002 43.057499 118071600 41.12859
"2018-01-04" 43.134998 43.3675 43.02 43.2575 89738400 41.319622
"2018-01-05" 43.360001 43.842499 43.262501 43.75 94640000 41.79007
"2018-01-08" 43.587502 43.9025 43.482498 43.587502 82271200 41.634846
"2018-01-09" 43.637501 43.764999 43.352501 43.5825 86336000 41.63007
"2018-01-10" 43.290001 43.575001 43.25 43.572498 95839600 41.620518
"2018-01-11" 43.647499 43.872501 43.622501 43.82 74670800 41.856937
"2018-01-12" 44.044998 44.34 43.912498 44.272499 101672400 42.289154
"2018-01-16" 44.474998 44.8475 44.035 44.047501 118263600 42.074238
"2018-01-17" 44.037498 44.8125 43.767502 44.775002 137547200 42.76915
"2018-01-18" 44.842499 45.025002 44.5625 44.814999 124773600 42.807354
"2018-01-19" 44.6525 44.895 44.352501 44.615002 129700400 42.616322
"2018-01-22" 44.325001 44.445 44.150002 44.25 108434400 42.267666
"2018-01-23" 44.325001 44.860001 44.205002 44.259998 130756400 42.277218
"2018-01-24" 44.3125 44.325001 43.299999 43.555 204420400 41.603806
"2018-01-25" 43.627499 43.737499 42.6325 42.7775 166116000 40.86113
"2018-01-26" 43 43 42.514999 42.877499 156572000 40.956657
"2018-01-29" 42.540001 42.540001 41.767502 41.990002 202561600 40.108913
"2018-01-30" 41.3825 41.842499 41.174999 41.7425 184192800 39.872494
"2018-01-31" 41.717499 42.110001 41.625 41.857498 129915600 39.982353
"2018-02-01" 41.7925 42.154999 41.689999 41.945 188923200 40.065933
"2018-02-02" 41.5 41.700001 40.025002 40.125 346375200 38.327469
"2018-02-05" 39.775002 40.970001 39 39.122501 290954000 37.369881
"2018-02-06" 38.7075 40.93 38.5 40.7575 272975200 38.931629
"2018-02-07" 40.772499 40.849998 39.767502 39.884998 206434400 38.098217
"2018-02-08" 40.072498 40.25 38.7575 38.787498 217562000 37.049881
"2018-02-09" 39.267502 39.4725 37.560001 39.102501 282690400 37.503056
"2018-02-12" 39.625 40.9725 39.377499 40.677502 243278000 39.013634
"2018-02-13" 40.487499 41.1875 40.412498 41.084999 130196800 39.404461
"2018-02-14" 40.759998 41.884998 40.720001 41.842499 162579600 40.130978
"2018-02-15" 42.447498 43.272499 42.25 43.247501 204588800 41.478508
"2018-02-16" 43.09 43.705002 42.942501 43.107498 160704400 41.344227
"2018-02-20" 43.012501 43.564999 42.855 42.962502 135722000 41.205173
"2018-02-21" 43.2075 43.529999 42.752499 42.767502 149886400 41.018143
"2018-02-22" 42.950001 43.487499 42.927502 43.125 123967600 41.361015
"2018-02-23" 43.4175 43.912498 43.384998 43.875 135249600 42.080334
"2018-02-26" 44.087502 44.8475 44.052502 44.7425 152648800 42.91235
"2018-02-27" 44.775002 45.119999 44.540001 44.5975 155712400 42.773293
"2018-02-28" 44.814999 45.154999 44.512501 44.529999 151128400 42.708542
"2018-03-01" 44.634998 44.945 43.165001 43.75 195208000 41.960453
"2018-03-02" 43.200001 44.075001 43.112499 44.052502 153816000 42.250576
"2018-03-05" 43.802502 44.435001 43.630001 44.205002 113605600 42.396839
"2018-03-06" 44.477501 44.5625 44.032501 44.1675 95154000 42.36087
"2018-03-07" 43.735001 43.962502 43.567501 43.7575 126814000 41.967644
"2018-03-08" 43.869999 44.279999 43.767502 44.235001 95096400 42.42561
"2018-03-09" 44.490002 45 44.3475 44.994999 128740800 43.154518
"2018-03-12" 45.072498 45.5975 45.052502 45.43 128828400 43.571732
"2018-03-13" 45.647499 45.875 44.810001 44.9925 126774000 43.152126
"2018-03-14" 45.080002 45.130001 44.452499 44.610001 117473600 42.785275
"2018-03-15" 44.625 45.060001 44.517502 44.662498 90975200 42.835625
"2018-03-16" 44.662498 44.779999 44.404999 44.505001 157618800 42.684574
"2018-03-19" 44.330002 44.3675 43.415001 43.825001 133787200 42.032375
"2018-03-20" 43.810001 44.200001 43.735001 43.810001 78597600 42.017998
"2018-03-21" 43.759998 43.772499 42.814999 42.817501 148219600 41.066101
"2018-03-22" 42.5 43.169998 42.150002 42.212502 165963200 40.485851
"2018-03-23" 42.0975 42.48 41.235001 41.235001 164115200 39.548325
"2018-03-26" 42.017502 43.275002 41.610001 43.192501 150164800 41.425755
"2018-03-27" 43.419998 43.787498 41.73 42.084999 163690400 40.363564
"2018-03-28" 41.8125 42.505001 41.297501 41.619999 166674000 39.917576
"2018-03-29" 41.952499 42.9375 41.724998 41.945 153594000 40.229282
"2018-04-02" 41.66 42.235001 41.1175 41.669998 150347200 39.965534
"2018-04-03" 41.91 42.1875 41.220001 42.0975 121112000 40.375546
"2018-04-04" 41.220001 43.002499 41.192501 42.9025 138422000 41.147617
"2018-04-05" 43.145 43.557499 43.02 43.200001 107732800 41.432945
"2018-04-06" 42.7425 43.119999 42.049999 42.095001 140021200 40.373142
"2018-04-09" 42.470001 43.272499 42.462502 42.512501 116070800 40.773579
"2018-04-10" 43.25 43.5 42.8825 43.3125 113634400 41.540848
"2018-04-11" 43.057499 43.48 42.924999 43.110001 89726400 41.34663
"2018-04-12" 43.352501 43.75 43.259998 43.535 91557200 41.754242
"2018-04-13" 43.695 43.959999 43.462502 43.682499 100497200 41.895706
"2018-04-16" 43.7575 44.047501 43.7075 43.955002 86313600 42.157066
"2018-04-17" 44.122501 44.735001 44.102501 44.560001 106421600 42.73732
"2018-04-18" 44.452499 44.705002 44.220001 44.459999 83018000 42.641407
"2018-04-19" 43.439999 43.8475 43.165001 43.200001 139235200 41.432945
"2018-04-20" 42.650002 42.805 41.357498 41.43 261964400 39.735355
"2018-04-23" 41.7075 41.73 41.022499 41.310001 146062000 39.620255
"2018-04-24" 41.4175 41.5825 40.305 40.735001 134768000 39.068779
"2018-04-25" 40.654999 41.355 40.602501 40.912498 113528400 39.239017
"2018-04-26" 41.029999 41.432499 40.842499 41.055 111852000 39.37569
"2018-04-27" 41 41.0825 40.157501 40.580002 142623200 38.920124
"2018-04-30" 40.532501 41.814999 40.459999 41.314999 169709600 39.62505
"2018-05-01" 41.602501 42.299999 41.317501 42.275002 214277600 40.54578
"2018-05-02" 43.807499 44.4375 43.450001 44.142502 266157600 42.336895
"2018-05-03" 43.970001 44.375 43.610001 44.2225 136272800 42.41362
"2018-05-04" 44.5625 46.0625 44.5425 45.9575 224805200 44.077656
"2018-05-07" 46.294998 46.9175 46.1875 46.290001 169805600 44.396557
"2018-05-08" 46.247501 46.555 45.9175 46.512501 113611200 44.609951
"2018-05-09" 46.637501 46.849998 46.305 46.84 92844800 44.924053
"2018-05-10" 46.935001 47.592499 46.912498 47.509998 111957200 45.566647
"2018-05-11" 47.372501 47.514999 46.862499 47.147499 104848800 45.393349
"2018-05-14" 47.252499 47.3825 46.965 47.037498 83115200 45.287441
"2018-05-15" 46.695 46.767502 46.275002 46.610001 94780800 44.875847
"2018-05-16" 46.517502 47.115002 46.5 47.044998 76732400 45.294659
"2018-05-17" 47 47.227501 46.59 46.747501 69176000 45.008224
"2018-05-18" 46.797501 46.952499 46.532501 46.577499 73190800 44.844551
"2018-05-21" 47 47.317501 46.727501 46.907501 73603200 45.162281
"2018-05-22" 47.095001 47.220001 46.695 46.790001 60962800 45.049145
"2018-05-23" 46.587502 47.125 46.439999 47.09 80233600 45.33799
"2018-05-24" 47.192501 47.209999 46.552502 47.037498 92936000 45.287441
"2018-05-25" 47.057499 47.412498 46.912498 47.145 69844000 45.390942
"2018-05-29" 46.900002 47.1875 46.717499 46.974998 90056400 45.227264
"2018-05-30" 46.93 47 46.695 46.875 74762000 45.130985
"2018-05-31" 46.805 47.057499 46.535 46.717499 109931200 44.97934
"2018-06-01" 46.997501 47.564999 46.9375 47.560001 93770000 45.790501
"2018-06-04" 47.91 48.355 47.837502 47.9575 105064800 46.17321
"2018-06-05" 48.267502 48.485001 48.09 48.327499 86264000 46.529446
"2018-06-06" 48.407501 48.52 47.98 48.494999 83734400 46.690716
"2018-06-07" 48.535 48.549999 48.084999 48.365002 85388800 46.565556
"2018-06-08" 47.7925 48 47.442501 47.924999 106627200 46.141926
"2018-06-11" 47.837502 47.9925 47.552502 47.807499 73234000 46.02879
"2018-06-12" 47.8475 48.1525 47.787498 48.07 67644400 46.281525
"2018-06-13" 48.105 48.220001 47.610001 47.674999 86553600 45.901215
"2018-06-14" 47.887501 47.892502 47.555 47.700001 86440400 45.925297
"2018-06-15" 47.5075 47.540001 47.064999 47.209999 246876800 45.453514
"2018-06-18" 46.970001 47.305 46.799999 47.185001 73939600 45.429455
"2018-06-19" 46.285 46.5825 45.862499 46.422501 134314000 44.695324
"2018-06-20" 46.587502 46.799999 46.432499 46.625 82514800 44.890285
"2018-06-21" 46.8125 47.087502 46.235001 46.365002 102847600 44.639961
"2018-06-22" 46.529999 46.537498 46.174999 46.23 108801600 44.509975
"2018-06-25" 45.849998 46.23 45.182499 45.5425 126652400 43.848064
"2018-06-26" 45.747501 46.6325 45.634998 46.107498 98276800 44.392044
"2018-06-27" 46.307499 46.82 46.0075 46.040001 101141200 44.327042
"2018-06-28" 46.025002 46.552502 45.950001 46.375 69460800 44.649593
"2018-06-29" 46.572498 46.797501 45.727501 46.2775 90950800 44.555725
"2018-07-02" 45.955002 46.825001 45.855 46.794998 70925200 45.053955
"2018-07-03" 46.947498 46.987499 45.884998 45.98 55819200 44.269287
"2018-07-05" 46.314999 46.602501 46.07 46.349998 66416800 44.625519
"2018-07-06" 46.355 47.107498 46.299999 46.9925 69940800 45.244118
"2018-07-09" 47.375 47.669998 47.325001 47.645 79026400 45.872341
"2018-07-10" 47.677502 47.82 47.544998 47.587502 63756400 45.816975
"2018-07-11" 47.125 47.445 46.9025 46.970001 75326000 45.22245
"2018-07-12" 47.3825 47.852501 47.327499 47.7575 72164400 45.980652
"2018-07-13" 47.77 47.959999 47.724998 47.8325 50055600 46.052864
"2018-07-16" 47.880001 48.162498 47.605 47.727501 60172400 45.951775
"2018-07-17" 47.4375 47.967499 47.299999 47.862499 62138000 46.081741
"2018-07-18" 47.945 47.950001 47.482498 47.599998 65573600 45.829021
"2018-07-19" 47.422501 48.137501 47.422501 47.970001 81147200 46.185246
"2018-07-20" 47.945 48.107498 47.5425 47.860001 82704800 46.079338
"2018-07-23" 47.669998 47.990002 47.389999 47.9025 63957600 46.120258
"2018-07-24" 48.112499 48.415001 48.012501 48.25 74791600 46.45483
"2018-07-25" 48.264999 48.712502 48.107498 48.705002 66839600 46.892906
"2018-07-26" 48.6525 48.990002 48.4025 48.552502 76304000 46.746071
"2018-07-27" 48.747501 48.797501 47.525002 47.744999 96096000 45.968613
"2018-07-30" 47.974998 48.049999 47.267502 47.477501 84118000 45.711063
"2018-07-31" 47.575001 48.035 47.334999 47.572498 157492000 45.802536
"2018-08-01" 49.782501 50.439999 49.327499 50.375 271742800 48.500771
"2018-08-02" 50.145 52.095001 50.087502 51.8475 249616000 49.918488
"2018-08-03" 51.7575 52.185001 51.369999 51.997501 133789600 50.062904
"2018-08-06" 52 52.3125 51.767502 52.267502 101701600 50.322861
"2018-08-07" 52.330002 52.375 51.689999 51.7775 102349600 49.851089
"2018-08-08" 51.512501 51.952499 51.130001 51.8125 90102000 49.884785
"2018-08-09" 52.3825 52.445 51.799999 52.220001 93970400 50.277122
"2018-08-10" 51.84 52.275002 51.6675 51.8825 98444800 50.127369
"2018-08-13" 52.327499 52.737499 51.924999 52.217499 103563600 50.451038
"2018-08-14" 52.540001 52.639999 52.064999 52.4375 82992000 50.663597
"2018-08-15" 52.305 52.685001 52.0825 52.560001 115230400 50.78194
"2018-08-16" 52.9375 53.452499 52.8675 53.330002 114001600 51.525898
"2018-08-17" 53.360001 54.487499 53.290001 54.395 141708000 52.554878
"2018-08-20" 54.525002 54.794998 53.7775 53.865002 121150800 52.042816
"2018-08-21" 54.200001 54.297501 53.5075 53.759998 104639200 51.941349
"2018-08-22" 53.525002 54.09 53.459999 53.762501 76072400 51.943771
"2018-08-23" 53.662498 54.262501 53.650002 53.872501 75532800 52.050045
"2018-08-24" 54.150002 54.224998 53.7775 54.040001 73905600 52.211884
"2018-08-27" 54.287498 54.685001 54.0825 54.485001 82100400 52.64183
"2018-08-28" 54.752499 55.134998 54.73 54.924999 91107200 53.066936
"2018-08-29" 55.037498 55.872501 54.852501 55.744999 109019200 53.859203
"2018-08-30" 55.8125 57.064999 55.599998 56.2575 195175200 54.35437
"2018-08-31" 56.627499 57.217499 56.5 56.907501 173360400 54.98238
"2018-09-04" 57.102501 57.294998 56.657501 57.09 109560400 55.158714
"2018-09-05" 57.247501 57.4175 56.275002 56.717499 133332000 54.798801
"2018-09-06" 56.557499 56.837502 55.325001 55.775002 137160000 53.888195
"2018-09-07" 55.462502 56.342499 55.177502 55.325001 150479200 53.453407
"2018-09-10" 55.237499 55.462502 54.1175 54.5825 158066000 52.736027
"2018-09-11" 54.502499 56.075001 54.139999 55.962502 142996000 54.069344
"2018-09-12" 56.235001 56.25 54.959999 55.267502 197114800 53.397865
"2018-09-13" 55.880001 57.087502 55.642502 56.602501 166825600 54.687691
"2018-09-14" 56.4375 56.709999 55.630001 55.959999 127997200 54.066933
"2018-09-17" 55.537498 55.737499 54.317501 54.470001 148780400 52.627338
"2018-09-18" 54.447498 55.462502 54.279999 54.560001 126286800 52.714294
"2018-09-19" 54.625 54.904999 53.825001 54.592499 108495200 52.745693
"2018-09-20" 55.060001 55.57 54.787498 55.0075 106435200 53.146656
"2018-09-21" 55.195 55.34 54.322498 54.415001 384986800 52.574192
"2018-09-24" 54.205002 55.314999 54.157501 55.197498 110773600 53.330227
"2018-09-25" 54.9375 55.705002 54.924999 55.547501 98217600 53.668385
"2018-09-26" 55.25 55.9375 54.939999 55.105 95938800 53.240849
"2018-09-27" 55.955002 56.610001 55.884998 56.237499 120724800 54.335041
"2018-09-28" 56.197498 56.459999 56.005001 56.435001 91717600 54.525867
"2018-10-01" 56.987499 57.355 56.587502 56.814999 94403200 54.893005
"2018-10-02" 56.8125 57.5 56.657501 57.32 99152800 55.380924
"2018-10-03" 57.512501 58.3675 57.445 58.017502 114619200 56.054825
"2018-10-04" 57.695 58.087502 56.682499 56.997501 128168000 55.069332
"2018-10-05" 56.990002 57.102501 55.145 56.072498 134322000 54.175625
"2018-10-08" 55.552502 56.200001 55.049999 55.942501 118655600 54.050026
"2018-10-09" 55.91 56.817501 55.5625 56.717499 107564000 54.798801
"2018-10-10" 56.365002 56.587502 54.012501 54.09 167962400 52.260185
"2018-10-11" 53.630001 54.875 53.080002 53.612499 212497600 51.79884
"2018-10-12" 55.105 55.720001 54.209999 55.5275 161351600 53.649067
"2018-10-15" 55.290001 55.4575 54.317501 54.34 123164000 52.501732
"2018-10-16" 54.732498 55.747501 54.189999 55.537498 116736000 53.658718
"2018-10-17" 55.575001 55.66 54.834999 55.297501 91541600 53.426846
"2018-10-18" 54.465 54.935001 53.25 54.005001 130325200 52.178066
"2018-10-19" 54.514999 55.314999 54.357498 54.827499 132314800 52.972736
"2018-10-22" 54.947498 55.84 54.735001 55.162498 115168400 53.296413
"2018-10-23" 53.9575 55.8125 53.674999 55.682499 155071200 53.79882
"2018-10-24" 55.650002 56.057499 53.634998 53.772499 163702000 51.953426
"2018-10-25" 54.427502 55.345001 54.1875 54.950001 119423200 53.091106
"2018-10-26" 53.974998 55.047501 53.1675 54.075001 189033600 52.245701
"2018-10-29" 54.797501 54.922501 51.522499 53.060001 183742000 51.265034
"2018-10-30" 52.787498 53.794998 52.317501 53.325001 146640000 51.521072
"2018-10-31" 54.220001 55.112499 54.154999 54.715 153435600 52.864052
"2018-11-01" 54.762501 55.59 54.202499 55.555 233292800 53.67564
"2018-11-02" 52.387501 53.412498 51.357498 51.869999 365314800 50.115292
"2018-11-05" 51.075001 51.0975 49.5425 50.397499 264654800 48.6926
"2018-11-06" 50.48 51.18 50.422501 50.942501 127531600 49.21917
"2018-11-07" 51.4925 52.514999 51.032501 52.487499 133697600 50.711899
"2018-11-08" 52.494999 52.529999 51.6875 52.122501 101450400 50.534954
"2018-11-09" 51.387501 51.502499 50.5625 51.1175 137463200 49.56057
"2018-11-12" 49.75 49.962502 48.447498 48.5425 204542000 47.063995
"2018-11-13" 47.907501 49.294998 47.862499 48.057499 187531600 46.593777
"2018-11-14" 48.474998 48.619999 46.482498 46.700001 243204000 45.277618
"2018-11-15" 47.0975 47.9925 46.724998 47.852501 185915200 46.395012
"2018-11-16" 47.625 48.7425 47.365002 48.3825 147713200 46.908871
"2018-11-19" 47.5 47.674999 46.247501 46.465 167701200 45.049774
"2018-11-20" 44.592499 45.3675 43.877499 44.244999 271300800 42.8974
"2018-11-21" 44.932499 45.067501 44.137501 44.195 124496800 42.848915
"2018-11-23" 43.735001 44.150002 43.025002 43.072498 94496000 41.760601
"2018-11-26" 43.560001 43.737499 42.564999 43.654999 179994000 42.325363
"2018-11-27" 42.877499 43.692501 42.720001 43.560001 165549600 42.233261
"2018-11-28" 44.182499 45.322498 43.732498 45.235001 184250000 43.857243
"2018-11-29" 45.665001 45.700001 44.424999 44.887501 167080000 43.520325
"2018-11-30" 45.072498 45.0825 44.2575 44.645 158126000 43.28521
"2018-12-03" 46.115002 46.235001 45.302502 46.205002 163210000 44.797695
"2018-12-04" 45.237499 45.5975 44.067501 44.172501 165377200 42.827103
"2018-12-06" 42.939999 43.695 42.605 43.68 172393600 42.349602
"2018-12-07" 43.372501 43.622501 42.075001 42.122501 169126400 40.839535
"2018-12-10" 41.25 42.522499 40.8325 42.400002 248104000 41.108585
"2018-12-11" 42.915001 42.947498 41.75 42.157501 189126800 40.873474
"2018-12-12" 42.599998 42.98 42.255001 42.275002 142510800 40.987396
"2018-12-13" 42.622501 43.142502 42.387501 42.737499 127594400 41.43581
"2018-12-14" 42.25 42.27 41.32 41.369999 162814800 40.109951
"2018-12-17" 41.362499 42.087502 40.682499 40.985001 177151600 39.736687
"2018-12-18" 41.345001 41.8825 41.0975 41.517502 135366000 40.25296
"2018-12-19" 41.5 41.862499 39.772499 40.2225 196189200 38.997414
"2018-12-20" 40.099998 40.5275 38.825001 39.2075 259092000 38.013325
"2018-12-21" 39.215 39.540001 37.407501 37.682499 382978400 36.534767
"2018-12-24" 37.037498 37.887501 36.647499 36.7075 148676800 35.58947
"2018-12-26" 37.075001 39.307499 36.68 39.2925 234330000 38.095741
"2018-12-27" 38.959999 39.192501 37.517502 39.037498 212468400 37.848499
"2018-12-28" 39.375 39.630001 38.637501 39.057499 169165600 37.867893
"2018-12-31" 39.6325 39.84 39.119999 39.435001 140014000 38.233894
"2019-01-02" 38.7225 39.712502 38.557499 39.48 148158800 38.277527
"2019-01-03" 35.994999 36.43 35.5 35.547501 365248800 34.464798
"2019-01-04" 36.1325 37.137501 35.950001 37.064999 234428400 35.936077
"2019-01-07" 37.174999 37.2075 36.474998 36.982498 219111200 35.856083
"2019-01-08" 37.389999 37.955002 37.130001 37.6875 164101200 36.539619
"2019-01-09" 37.822498 38.6325 37.407501 38.327499 180396400 37.16013
"2019-01-10" 38.125 38.4925 37.715 38.450001 143122800 37.278896
"2019-01-11" 38.220001 38.424999 37.877499 38.072498 108092800 36.912895
"2019-01-14" 37.712502 37.817501 37.305 37.5 129756800 36.357834
"2019-01-15" 37.567501 38.3475 37.512501 38.267502 114843600 37.101959
"2019-01-16" 38.27 38.970001 38.25 38.735001 122278800 37.555214
"2019-01-17" 38.549999 39.415001 38.314999 38.965 119284800 37.778198
"2019-01-18" 39.375 39.470001 38.994999 39.205002 135004000 38.010902
"2019-01-22" 39.102501 39.182499 38.154999 38.325001 121576000 37.157703
"2019-01-23" 38.537498 38.785 37.924999 38.48 92522400 37.307983
"2019-01-24" 38.5275 38.619999 37.935001 38.174999 101766000 37.012272
"2019-01-25" 38.869999 39.532501 38.580002 39.439999 134142000 38.238743
"2019-01-28" 38.947498 39.0825 38.415001 39.075001 104768400 37.884865
"2019-01-29" 39.0625 39.532501 38.5275 38.669998 166348800 37.492195
"2019-01-30" 40.8125 41.537498 40.057499 41.3125 244439200 40.054207
"2019-01-31" 41.5275 42.25 41.139999 41.610001 162958400 40.342648
"2019-02-01" 41.740002 42.244999 41.482498 41.630001 130672400 40.362038
"2019-02-04" 41.852501 42.915001 41.82 42.8125 125982000 41.508526
"2019-02-05" 43.215 43.77 43.087502 43.544998 144406400 42.218716
"2019-02-06" 43.662498 43.892502 43.212502 43.560001 112958400 42.233261
"2019-02-07" 43.099998 43.485001 42.584999 42.735001 126966800 41.433384
"2019-02-08" 42.247501 42.665001 42.105 42.602501 95280000 41.482075
"2019-02-11" 42.762501 42.802502 42.3125 42.357498 83973600 41.243504
"2019-02-12" 42.525002 42.75 42.424999 42.7225 89134000 41.598911
"2019-02-13" 42.8475 43.119999 42.48 42.544998 89960800 41.426079
"2019-02-14" 42.427502 42.814999 42.345001 42.700001 87342800 41.577007
"2019-02-15" 42.8125 42.924999 42.4375 42.605 98507200 41.484497
"2019-02-19" 42.427502 42.860001 42.372501 42.732498 75891200 41.60865
"2019-02-20" 42.797501 43.330002 42.747501 43.0075 104457600 41.876419
"2019-02-21" 42.950001 43.092499 42.575001 42.764999 68998800 41.640289
"2019-02-22" 42.895 43.25 42.845001 43.2425 75652800 42.105232
"2019-02-25" 43.540001 43.967499 43.487499 43.557499 87493600 42.411945
"2019-02-26" 43.427502 43.825001 43.2925 43.5825 68280800 42.436298
"2019-02-27" 43.302502 43.75 43.182499 43.717499 111341600 42.567745
"2019-02-28" 43.580002 43.727501 43.23 43.287498 112861600 42.149052
"2019-03-01" 43.57 43.787498 43.2225 43.7425 103544800 42.592091
"2019-03-04" 43.922501 44.4375 43.4925 43.962502 109744800 42.806305
"2019-03-05" 43.985001 44 43.634998 43.8825 78949600 42.728401
"2019-03-06" 43.6675 43.872501 43.485001 43.630001 83241600 42.482548
"2019-03-07" 43.467499 43.610001 43.005001 43.125 99185600 41.990829
"2019-03-08" 42.580002 43.267502 42.375 43.227501 95997600 42.09063
"2019-03-11" 43.872501 44.779999 43.837502 44.724998 128044000 43.548748
"2019-03-12" 45 45.6675 44.842499 45.227501 129870400 44.038033
"2019-03-13" 45.5625 45.825001 45.23 45.427502 124130000 44.232784
"2019-03-14" 45.974998 46.025002 45.639999 45.932499 94318000 44.724487
"2019-03-15" 46.212502 46.8325 45.935001 46.529999 156171600 45.306274
"2019-03-18" 46.450001 47.0975 46.447498 47.005001 104879200 45.768784
"2019-03-19" 47.087502 47.247501 46.48 46.6325 126585600 45.406082
"2019-03-20" 46.557499 47.372501 46.182499 47.040001 124140800 45.80286
"2019-03-21" 47.505001 49.0825 47.452499 48.772499 204136800 47.489799
"2019-03-22" 48.834999 49.422501 47.695 47.762501 169630800 46.506363
"2019-03-25" 47.877499 47.994999 46.650002 47.185001 175381200 45.944054
"2019-03-26" 47.915001 48.220001 46.145 46.697498 199202000 45.469372
"2019-03-27" 47.1875 47.439999 46.637501 47.1175 119393600 45.878326
"2019-03-28" 47.237499 47.389999 46.8825 47.18 83121600 45.939182
"2019-03-29" 47.4575 47.52 47.134998 47.487499 94256000 46.23859
"2019-04-01" 47.91 47.919998 47.095001 47.810001 111448000 46.55262
"2019-04-02" 47.772499 48.615002 47.762501 48.505001 91062800 47.22934
"2019-04-03" 48.3125 49.125 48.287498 48.837502 93087200 47.553097
"2019-04-04" 48.697498 49.092499 48.285 48.922501 76457200 47.635857
"2019-04-05" 49.112499 49.275002 48.982498 49.25 74106400 47.954746
"2019-04-08" 49.105 50.057499 49.084999 50.025002 103526800 48.709362
"2019-04-09" 50.080002 50.712502 49.807499 49.875 143072800 48.563309
"2019-04-10" 49.669998 50.185001 49.544998 50.154999 86781200 48.835934
"2019-04-11" 50.212502 50.25 49.610001 49.737499 83603200 48.42942
"2019-04-12" 49.799999 50.035 49.052502 49.717499 111042800 48.409943
"2019-04-15" 49.645 49.962502 49.502499 49.807499 70146400 48.497578
"2019-04-16" 49.865002 50.342499 49.639999 49.8125 102785600 48.502449
"2019-04-17" 49.884998 50.845001 49.6525 50.782501 115627200 49.446938
"2019-04-18" 50.779999 51.037498 50.630001 50.965 96783200 49.624641
"2019-04-22" 50.7075 51.235001 50.584999 51.1325 77758000 49.787731
"2019-04-23" 51.107498 51.9375 50.974998 51.869999 93292000 50.505836
"2019-04-24" 51.84 52.119999 51.762501 51.790001 70162400 50.42794
"2019-04-25" 51.7075 51.939999 51.279999 51.32 74172800 49.970299
"2019-04-26" 51.224998 51.25 50.529999 51.075001 74596400 49.731743
"2019-04-29" 51.099998 51.4925 50.965 51.1525 88818800 49.807209
"2019-04-30" 50.764999 50.849998 49.7775 50.1675 186139600 48.848114
"2019-05-01" 52.470001 53.827499 52.307499 52.630001 259309200 51.24585
"2019-05-02" 52.459999 53.162498 52.032501 52.287498 127985200 50.912357
"2019-05-03" 52.7225 52.959999 52.557499 52.9375 83569600 51.545261
"2019-05-06" 51.072498 52.209999 50.875 52.119999 129772400 50.749256
"2019-05-07" 51.470001 51.855 50.2075 50.715 155054800 49.381218
"2019-05-08" 50.474998 51.334999 50.4375 50.724998 105358000 49.390949
"2019-05-09" 50.099998 50.419998 49.165001 50.18 139634400 48.860279
"2019-05-10" 49.355 49.712502 48.192501 49.294998 164834800 48.183399
"2019-05-13" 46.927502 47.369999 45.712502 46.43 229722400 45.383003
"2019-05-14" 46.602501 47.424999 46.352501 47.165001 146118800 46.101437
"2019-05-15" 46.567501 47.9375 46.505001 47.73 106178800 46.65369
"2019-05-16" 47.477501 48.1175 47.209999 47.52 132125600 46.448429
"2019-05-17" 46.732498 47.724998 46.689999 47.25 131516400 46.184509
"2019-05-20" 45.880001 46.087502 45.07 45.772499 154449200 44.740337
"2019-05-21" 46.305 47 46.174999 46.650002 113459200 45.598049
"2019-05-22" 46.165001 46.427502 45.637501 45.695 118994400 44.664581
"2019-05-23" 44.950001 45.134998 44.452499 44.915001 146118800 43.902172
"2019-05-24" 45.049999 45.535 44.654999 44.7425 94858800 43.733559
"2019-05-28" 44.73 45.147499 44.477501 44.557499 111792800 43.552731
"2019-05-29" 44.105 44.837502 44 44.345001 113924800 43.345024
"2019-05-30" 44.487499 44.807499 44.1675 44.575001 84873600 43.569832
"2019-05-31" 44.057499 44.497501 43.747501 43.767502 108174400 42.780552
"2019-06-03" 43.900002 44.48 42.567501 43.325001 161584400 42.348015
"2019-06-04" 43.860001 44.9575 43.630001 44.91 123872000 43.897282
"2019-06-05" 46.07 46.247501 45.285 45.634998 119093600 44.605927
"2019-06-06" 45.77 46.3675 45.537498 46.305 90105200 45.260822
"2019-06-07" 46.627499 47.98 46.442501 47.537498 122737600 46.46553
"2019-06-10" 47.952499 48.842499 47.904999 48.145 104883600 47.059334
"2019-06-11" 48.715 49 48.400002 48.702499 107731600 47.604256
"2019-06-12" 48.487499 48.9925 48.3475 48.547501 73012800 47.452759
"2019-06-13" 48.674999 49.197498 48.400002 48.537498 86698400 47.442974
"2019-06-14" 47.887501 48.397499 47.575001 48.185001 75046000 47.098434
"2019-06-17" 48.224998 48.740002 48.0425 48.4725 58676400 47.379444
"2019-06-18" 49.012501 50.072498 48.802502 49.612499 106204000 48.49374
"2019-06-19" 49.919998 49.970001 49.327499 49.467499 84496800 48.352009
"2019-06-20" 50.092499 50.1525 49.5075 49.865002 86056000 48.740547
"2019-06-21" 49.700001 50.212502 49.537498 49.695 191202400 48.574379
"2019-06-24" 49.634998 50.040001 49.5425 49.645 72881600 48.525509
"2019-06-25" 49.607498 49.814999 48.822498 48.892502 84281200 47.789978
"2019-06-26" 49.442501 50.247501 49.337502 49.950001 104270000 48.823635
"2019-06-27" 50.072498 50.392502 49.892502 49.935001 83598800 48.808968
"2019-06-28" 49.669998 49.875 49.262501 49.48 124442400 48.364231
"2019-07-01" 50.7925 51.122501 50.162498 50.387501 109012000 49.251266
"2019-07-02" 50.352501 50.782501 50.34 50.682499 67740800 49.539612
"2019-07-03" 50.82 51.110001 50.672501 51.102501 45448000 49.950138
"2019-07-05" 50.837502 51.27 50.724998 51.057499 69062000 49.906158
"2019-07-08" 50.202499 50.349998 49.602501 50.005001 101354400 48.877388
"2019-07-09" 49.799999 50.377499 49.702499 50.310001 82312000 49.17551
"2019-07-10" 50.462502 50.932499 50.389999 50.807499 71588400 49.661789
"2019-07-11" 50.827499 51.0975 50.427502 50.4375 80767200 49.300133
"2019-07-12" 50.612499 51 50.549999 50.825001 70380800 49.678902
"2019-07-15" 51.022499 51.467499 51 51.302502 67789600 50.145634
"2019-07-16" 51.147499 51.5275 50.875 51.125 67467200 49.972137
"2019-07-17" 51.012501 51.272499 50.817501 50.837502 56430000 49.691124
"2019-07-18" 51 51.470001 50.924999 51.415001 74162400 50.255592
"2019-07-19" 51.447498 51.625 50.59 50.647499 83717200 49.505398
"2019-07-22" 50.912498 51.807499 50.9025 51.805 89111600 50.636799
"2019-07-23" 52.115002 52.227501 51.822498 52.209999 73420800 51.032665
"2019-07-24" 51.9175 52.287498 51.7925 52.1675 59966400 50.991123
"2019-07-25" 52.2225 52.310001 51.682499 51.755001 55638400 50.587925
"2019-07-26" 51.869999 52.432499 51.785 51.935001 70475600 50.76387
"2019-07-29" 52.115002 52.66 52.110001 52.419998 86693600 51.237926
"2019-07-30" 52.189999 52.540001 51.827499 52.195 135742800 51.018002
"2019-07-31" 54.105 55.342499 52.825001 53.259998 277125600 52.058983
"2019-08-01" 53.474998 54.5075 51.685001 52.107498 216071600 50.932476
"2019-08-02" 51.3825 51.607498 50.407501 51.005001 163448400 49.854839
"2019-08-05" 49.497501 49.662498 48.145 48.334999 209572000 47.245049
"2019-08-06" 49.077499 49.517502 48.509998 49.25 143299200 48.139416
"2019-08-07" 48.852501 49.889999 48.455002 49.759998 133457600 48.637909
"2019-08-08" 50.049999 50.8825 49.8475 50.857498 108038000 49.710659
"2019-08-09" 50.325001 50.689999 49.822498 50.247501 98478800 49.301033
"2019-08-12" 49.904999 50.512501 49.787498 50.119999 89927600 49.17593
"2019-08-13" 50.255001 53.035 50.119999 52.2425 188874000 51.25845
"2019-08-14" 50.790001 51.610001 50.647499 50.6875 146189600 49.732742
"2019-08-15" 50.865002 51.285 49.9175 50.435001 108909600 49.484997
"2019-08-16" 51.07 51.790001 50.959999 51.625 110481600 50.652576
"2019-08-19" 52.654999 53.182499 52.5075 52.587502 97654400 51.596958
"2019-08-20" 52.720001 53.337502 52.580002 52.59 107537200 51.599403
"2019-08-21" 53.247501 53.412498 52.900002 53.16 86141600 52.158665
"2019-08-22" 53.297501 53.610001 52.6875 53.115002 89014800 52.11451
"2019-08-23" 52.357498 53.012501 50.25 50.66 187272000 49.705765
"2019-08-26" 51.465 51.797501 51.264999 51.622501 104174400 50.650127
"2019-08-27" 51.965 52.137501 50.8825 51.040001 103493200 50.078606
"2019-08-28" 51.025002 51.43 50.830002 51.3825 63755200 50.414642
"2019-08-29" 52.125 52.330002 51.665001 52.252499 83962000 51.268261
"2019-08-30" 52.540001 52.612499 51.799999 52.185001 84573600 51.202038
"2019-09-03" 51.607498 51.744999 51.055 51.424999 80092000 50.456341
"2019-09-04" 52.0975 52.369999 51.830002 52.297501 76752400 51.312416
"2019-09-05" 53 53.4925 52.877499 53.32 95654800 52.315651
"2019-09-06" 53.512501 53.605 53.127499 53.314999 77449200 52.310749
"2019-09-09" 53.709999 54.110001 52.767502 53.5425 109237600 52.533966
"2019-09-10" 53.465 54.195 52.927502 54.174999 127111600 53.154549
"2019-09-11" 54.517502 55.927502 54.432499 55.897499 177158400 54.844601
"2019-09-12" 56.200001 56.605 55.715 55.772499 128906800 54.721962
"2019-09-13" 55 55.197498 54.255001 54.6875 159053200 53.657394
"2019-09-16" 54.432499 55.032501 54.389999 54.974998 84632400 53.939484
"2019-09-17" 54.990002 55.205002 54.779999 55.174999 73274800 54.135712
"2019-09-18" 55.264999 55.712502 54.860001 55.692501 101360000 54.643471
"2019-09-19" 55.502499 55.939999 55.092499 55.240002 88242400 54.199493
"2019-09-20" 55.345001 55.639999 54.3675 54.432499 221652400 53.407196
"2019-09-23" 54.737499 54.959999 54.412498 54.68 76662000 53.65004
"2019-09-24" 55.2575 55.622501 54.297501 54.419998 124763200 53.394932
"2019-09-25" 54.637501 55.375 54.285 55.2575 87613600 54.21666
"2019-09-26" 55 55.235001 54.7075 54.9725 75334000 53.937031
"2019-09-27" 55.134998 55.240002 54.32 54.705002 101408000 53.674568
"2019-09-30" 55.224998 56.145 55.197498 55.9925 103909600 54.937813
"2019-10-01" 56.267502 57.055 56.049999 56.147499 139223200 55.089893
"2019-10-02" 55.764999 55.895 54.482498 54.740002 138449200 53.708908
"2019-10-03" 54.607498 55.240002 53.782501 55.205002 114426000 54.16515
"2019-10-04" 56.41 56.872501 55.9725 56.752499 138478800 55.683498
"2019-10-07" 56.567501 57.482498 56.459999 56.764999 122306000 55.695766
"2019-10-08" 56.455002 57.014999 56.0825 56.099998 111820000 55.043289
"2019-10-09" 56.7575 56.947498 56.41 56.7575 74770400 55.688404
"2019-10-10" 56.982498 57.610001 56.825001 57.522499 113013600 56.438995
"2019-10-11" 58.237499 59.41 58.077499 59.052502 166795600 57.940174
"2019-10-14" 58.724998 59.532501 58.6675 58.967499 96427600 57.856781
"2019-10-15" 59.0975 59.412498 58.720001 58.830002 87360000 57.721867
"2019-10-16" 58.342499 58.810001 58.299999 58.592499 73903200 57.488838
"2019-10-17" 58.772499 59.037498 58.380001 58.82 67585200 57.712063
"2019-10-18" 58.647499 59.395 58.572498 59.102501 97433600 57.989235
"2019-10-21" 59.380001 60.247501 59.330002 60.127499 87247200 58.99493
"2019-10-22" 60.290001 60.549999 59.904999 59.990002 82293600 58.860016
"2019-10-23" 60.525002 60.810001 60.305 60.794998 75828800 59.649857
"2019-10-24" 61.127499 61.200001 60.452499 60.895 69275200 59.747967
"2019-10-25" 60.790001 61.682499 60.720001 61.645 73477200 60.483841
"2019-10-28" 61.855 62.3125 61.68 62.262501 96572800 61.089714
"2019-10-29" 62.2425 62.4375 60.642502 60.822498 142839600 59.676834
"2019-10-30" 61.189999 61.325001 60.302502 60.814999 124522000 59.669476
"2019-10-31" 61.810001 62.2925 59.314999 62.189999 139162000 61.018581
"2019-11-01" 62.384998 63.982498 62.290001 63.955002 151125200 62.750336
"2019-11-04" 64.332497 64.462502 63.845001 64.375 103272000 63.162422
"2019-11-05" 64.262497 64.547501 64.080002 64.282501 79897600 63.071671
"2019-11-06" 64.192497 64.372498 63.842499 64.309998 75864400 63.098644
"2019-11-07" 64.684998 65.087502 64.527496 64.857498 94940400 63.826878
"2019-11-08" 64.672501 65.110001 64.212502 65.035004 69986400 64.001572
"2019-11-11" 64.574997 65.6175 64.57 65.550003 81821200 64.508377
"2019-11-12" 65.387497 65.697502 65.230003 65.489998 87388800 64.449341
"2019-11-13" 65.282501 66.195 65.267502 66.1175 102734400 65.066856
"2019-11-14" 65.9375 66.220001 65.525002 65.660004 89182800 64.616623
"2019-11-15" 65.919998 66.445 65.752502 66.440002 100206400 65.384239
"2019-11-18" 66.449997 66.857498 66.057503 66.775002 86703200 65.713921
"2019-11-19" 66.974998 67 66.347504 66.572502 76167200 65.514633
"2019-11-20" 66.385002 66.519997 65.099998 65.797501 106234400 64.751953
"2019-11-21" 65.922501 66.002502 65.294998 65.502502 121395200 64.461639
"2019-11-22" 65.647499 65.794998 65.209999 65.445 65325200 64.405037
"2019-11-25" 65.677498 66.610001 65.629997 66.592499 84020400 65.534309
"2019-11-26" 66.735001 66.790001 65.625 66.072502 105207600 65.022583
"2019-11-27" 66.394997 66.995003 66.327499 66.959999 65235600 65.895966
"2019-11-29" 66.650002 67 66.474998 66.8125 46617600 65.750816
"2019-12-02" 66.817497 67.0625 65.862503 66.040001 94487200 64.990593
"2019-12-03" 64.577499 64.8825 64.072502 64.862503 114430400 63.831806
"2019-12-04" 65.267502 65.827499 65.169998 65.434998 67181600 64.39521
"2019-12-05" 65.947502 66.472504 65.682503 66.394997 74424400 65.339943
"2019-12-06" 66.870003 67.75 66.824997 67.677498 106075600 66.602066
"2019-12-09" 67.5 67.699997 66.227501 66.730003 128042400 65.66964
"2019-12-10" 67.150002 67.517502 66.464996 67.120003 90420400 66.053436
"2019-12-11" 67.202499 67.775002 67.125 67.692497 78756800 66.616837
"2019-12-12" 66.945 68.139999 66.830002 67.864998 137310400 66.786591
"2019-12-13" 67.864998 68.824997 67.732498 68.787498 133587600 67.69442
"2019-12-16" 69.25 70.197502 69.245003 69.964996 128186000 68.85321
"2019-12-17" 69.892502 70.442497 69.699997 70.102501 114158400 68.988541
"2019-12-18" 69.949997 70.474998 69.779999 69.934998 116028400 68.823692
"2019-12-19" 69.875 70.294998 69.737503 70.004997 98369200 68.892601
"2019-12-20" 70.557503 70.662498 69.639999 69.860001 275978000 68.749893
"2019-12-23" 70.1325 71.0625 70.092499 71 98572000 69.871788
"2019-12-24" 71.172501 71.222504 70.730003 71.067497 48478800 69.93821
"2019-12-26" 71.205002 72.495003 71.175003 72.477501 93121200 71.325806
"2019-12-27" 72.779999 73.4925 72.029999 72.449997 146266000 71.298721
"2019-12-30" 72.364998 73.172501 71.305 72.879997 144114400 71.721893
"2019-12-31" 72.482498 73.419998 72.379997 73.412498 100805600 72.245941
"2020-01-02" 74.059998 75.150002 73.797501 75.087502 135480400 73.894333
"2020-01-03" 74.287498 75.144997 74.125 74.357498 146322800 73.175911
"2020-01-06" 73.447502 74.989998 73.1875 74.949997 118387200 73.75901
"2020-01-07" 74.959999 75.224998 74.370003 74.597504 108872000 73.412117
"2020-01-08" 74.290001 76.110001 74.290001 75.797501 132079200 74.593056
"2020-01-09" 76.809998 77.607498 76.550003 77.407501 170108400 76.177467
"2020-01-10" 77.650002 78.167503 77.0625 77.582497 140644800 76.349678
"2020-01-13" 77.910004 79.267502 77.787498 79.239998 121532000 77.980835
"2020-01-14" 79.175003 79.392502 78.042503 78.169998 161954400 76.927841
"2020-01-15" 77.962502 78.875 77.387497 77.834999 121923600 76.598167
"2020-01-16" 78.397499 78.925003 78.022499 78.809998 108829200 77.557655
"2020-01-17" 79.067497 79.684998 78.75 79.682503 137816400 78.416298
"2020-01-21" 79.297501 79.754997 79 79.142502 110843200 77.884888
"2020-01-22" 79.644997 79.997498 79.327499 79.425003 101832400 78.162895
"2020-01-23" 79.480003 79.889999 78.912498 79.807503 104472000 78.53933
"2020-01-24" 80.0625 80.832497 79.379997 79.577499 146537600 78.312965
"2020-01-27" 77.514999 77.942497 76.220001 77.237503 161940000 76.010147
"2020-01-28" 78.150002 79.599998 78.047501 79.422501 162234000 78.160439
"2020-01-29" 81.112503 81.962502 80.345001 81.084999 216229200 79.796524
"2020-01-30" 80.135002 81.022499 79.6875 80.967499 126743200 79.680885
"2020-01-31" 80.232498 80.669998 77.072502 77.377502 199588400 76.147942
"2020-02-03" 76.074997 78.372498 75.555 77.165001 173788400 75.938805
"2020-02-04" 78.827499 79.910004 78.407501 79.712502 136616400 78.445839
"2020-02-05" 80.879997 81.190002 79.737503 80.362503 118826800 79.08551
"2020-02-06" 80.642502 81.305 80.065002 81.302498 105425600 80.010574
"2020-02-07" 80.592499 80.849998 79.5 80.0075 117684000 78.923019
"2020-02-10" 78.544998 80.387497 78.462502 80.387497 109348800 79.297859
"2020-02-11" 80.900002 80.974998 79.677498 79.902496 94323200 78.81942
"2020-02-12" 80.3675 81.805 80.3675 81.800003 113730400 80.691216
"2020-02-13" 81.047501 81.555 80.837502 81.217499 94747600 80.116608
"2020-02-14" 81.184998 81.495003 80.712502 81.237503 80113600 80.13633
"2020-02-18" 78.839996 79.9375 78.652496 79.75 152531200 78.668999
"2020-02-19" 80 81.142502 80 80.904999 93984000 79.808357
"2020-02-20" 80.657501 81.162498 79.552498 80.074997 100566000 78.989586
"2020-02-21" 79.654999 80.112503 77.625 78.262497 129554000 77.20166
"2020-02-24" 74.315002 76.044998 72.307503 74.544998 222195200 73.534546
"2020-02-25" 75.237503 75.6325 71.532501 72.019997 230673600 71.043777
"2020-02-26" 71.6325 74.470001 71.625 73.162498 198054800 72.170792
"2020-02-27" 70.275002 71.5 68.239998 68.379997 320605600 67.453125
"2020-02-28" 64.315002 69.602501 64.092499 68.339996 426510000 67.413658
"2020-03-02" 70.57 75.360001 69.43 74.702499 341397200 73.689911
"2020-03-03" 75.917503 76 71.449997 72.330002 319475600 71.349571
"2020-03-04" 74.110001 75.849998 73.282501 75.684998 219178400 74.659111
"2020-03-05" 73.879997 74.887497 72.852501 73.230003 187572800 72.237373
"2020-03-06" 70.5 72.705002 70.307503 72.2575 226176800 71.278069
"2020-03-09" 65.9375 69.522499 65.75 66.542503 286744800 65.640526
"2020-03-10" 69.285004 71.610001 67.342499 71.334999 285290000 70.368065
"2020-03-11" 69.347504 70.305 67.964996 68.857498 255598800 67.924149
"2020-03-12" 63.985001 67.5 62 62.057499 418474000 61.216316
"2020-03-13" 66.222504 69.980003 63.237499 69.4925 370732000 68.550545
"2020-03-16" 60.487499 64.769997 60 60.552502 322423600 59.731728
"2020-03-17" 61.877499 64.402496 59.599998 63.215 324056000 62.358131
"2020-03-18" 59.942501 62.5 59.279999 61.6675 300233600 60.831604
"2020-03-19" 61.8475 63.209999 60.6525 61.195 271857200 60.365505
"2020-03-20" 61.794998 62.9575 57 57.310001 401693200 56.533176
"2020-03-23" 57.02 57.125 53.1525 56.092499 336752800 55.332169
"2020-03-24" 59.09 61.922501 58.575001 61.720001 287531200 60.883396
"2020-03-25" 62.6875 64.5625 61.075001 61.380001 303602000 60.548
"2020-03-26" 61.630001 64.669998 61.59 64.610001 252087200 63.734219
"2020-03-27" 63.1875 63.967499 61.762501 61.935001 204216800 61.095478
"2020-03-30" 62.685001 63.880001 62.349998 63.702499 167976400 62.839016
"2020-03-31" 63.900002 65.622498 63 63.572498 197002000 62.710785
"2020-04-01" 61.625 62.18 59.782501 60.227501 176218400 59.411125
"2020-04-02" 60.084999 61.287498 59.224998 61.232498 165934000 60.402496
"2020-04-03" 60.700001 61.424999 59.7425 60.352501 129880000 59.534428
"2020-04-06" 62.724998 65.777496 62.345001 65.6175 201820400 64.728065
"2020-04-07" 67.699997 67.925003 64.75 64.857498 202887200 63.978363
"2020-04-08" 65.684998 66.842499 65.307503 66.517502 168895200 65.615868
"2020-04-09" 67.175003 67.517502 66.175003 66.997498 161834800 66.089355
"2020-04-13" 67.077499 68.425003 66.457497 68.3125 131022800 67.386536
"2020-04-14" 70 72.0625 69.512497 71.762497 194994800 70.789764
"2020-04-15" 70.599998 71.582497 70.157501 71.107498 131154400 70.143654
"2020-04-16" 71.845001 72.050003 70.587502 71.672501 157125200 70.700981
"2020-04-17" 71.172501 71.737503 69.214996 70.699997 215250000 69.741676
"2020-04-20" 69.487503 70.419998 69.212502 69.232498 130015200 68.294052
"2020-04-21" 69.07 69.3125 66.357498 67.092499 180991600 66.183075
"2020-04-22" 68.402496 69.474998 68.050003 69.025002 116862400 68.089378
"2020-04-23" 68.967499 70.4375 68.717499 68.7575 124814400 67.825508
"2020-04-24" 69.300003 70.752502 69.25 70.7425 126161200 69.783585
"2020-04-27" 70.449997 71.135002 69.987503 70.792503 117087600 69.832916
"2020-04-28" 71.269997 71.457497 69.550003 69.644997 112004800 68.700966
"2020-04-29" 71.182503 72.417503 70.972504 71.932503 137280800 70.957474
"2020-04-30" 72.489998 73.6325 72.087502 73.449997 183064000 72.454399
"2020-05-01" 71.5625 74.75 71.462502 72.267502 240616800 71.287926
"2020-05-04" 72.292503 73.422501 71.580002 73.290001 133568000 72.296555
"2020-05-05" 73.764999 75.25 73.614998 74.389999 147751200 73.381653
"2020-05-06" 75.114998 75.809998 74.717499 75.157501 142333600 74.138756
"2020-05-07" 75.805 76.292503 75.4925 75.934998 115215200 74.905708
"2020-05-08" 76.410004 77.587502 76.072502 77.532501 133838400 76.688591
"2020-05-11" 77.025002 79.262497 76.809998 78.752502 145946400 77.895317
"2020-05-12" 79.457497 79.922501 77.727501 77.852501 162301200 77.005119
"2020-05-13" 78.037498 78.987503 75.802498 76.912498 200622400 76.07534
"2020-05-14" 76.127502 77.447502 75.3825 77.385002 158929200 76.542686
"2020-05-15" 75.087502 76.974998 75.052498 76.927498 166348400 76.090179
"2020-05-18" 78.292503 79.125 77.580002 78.739998 135178400 77.88295
"2020-05-19" 78.7575 79.629997 78.252502 78.285004 101729600 77.432907
"2020-05-20" 79.169998 79.879997 79.129997 79.807503 111504800 78.938835
"2020-05-21" 79.665001 80.222504 78.967499 79.212502 102688800 78.350304
"2020-05-22" 78.942497 79.807503 78.837502 79.722504 81803200 78.854752
"2020-05-26" 80.875 81.059998 79.125 79.182503 125522000 78.320633
"2020-05-27" 79.035004 79.677498 78.272499 79.527496 112945200 78.661873
"2020-05-28" 79.192497 80.860001 78.907501 79.5625 133560800 78.696503
"2020-05-29" 79.8125 80.287498 79.1175 79.485001 153532400 78.619843
"2020-06-01" 79.4375 80.587502 79.302498 80.462502 80791200 79.586693
"2020-06-02" 80.1875 80.860001 79.732498 80.834999 87642800 79.955139
"2020-06-03" 81.165001 81.550003 80.574997 81.279999 104491200 80.395302
"2020-06-04" 81.097504 81.404999 80.195 80.580002 87560400 79.702919
"2020-06-05" 80.837502 82.9375 80.807503 82.875 137250400 81.972946
"2020-06-08" 82.5625 83.400002 81.830002 83.364998 95654400 82.457611
"2020-06-09" 83.035004 86.402496 83.002502 85.997498 147712400 85.061455
"2020-06-10" 86.974998 88.692497 86.522499 88.209999 166651600 87.24987
"2020-06-11" 87.327499 87.764999 83.870003 83.974998 201662400 83.060951
"2020-06-12" 86.18 86.949997 83.555 84.699997 200146000 83.778069
"2020-06-15" 83.3125 86.419998 83.144997 85.747498 138808800 84.814163
"2020-06-16" 87.864998 88.300003 86.18 88.019997 165428800 87.061935
"2020-06-17" 88.787498 88.849998 87.772499 87.897499 114406400 86.940773
"2020-06-18" 87.852501 88.362503 87.305 87.932503 96820400 86.975395
"2020-06-19" 88.660004 89.139999 86.287498 87.43 264476000 86.478371
"2020-06-22" 87.834999 89.864998 87.787498 89.717499 135445200 88.740974
"2020-06-23" 91 93.095001 90.567497 91.6325 212155600 90.635124
"2020-06-24" 91.25 92.197502 89.629997 90.014999 192623200 89.035225
"2020-06-25" 90.175003 91.25 89.392502 91.209999 137522400 90.217216
"2020-06-26" 91.102501 91.330002 88.254997 88.407501 205256800 87.445236
"2020-06-29" 88.3125 90.542503 87.82 90.445 130646000 89.460548
"2020-06-30" 90.019997 91.495003 90 91.199997 140223200 90.207329
"2020-07-01" 91.279999 91.839996 90.977501 91.027496 110737200 90.03669
"2020-07-02" 91.962502 92.6175 90.910004 91.027496 114041600 90.03669
"2020-07-06" 92.5 93.945 92.467499 93.462502 118655600 92.445198
"2020-07-07" 93.852501 94.654999 93.057503 93.172501 112424400 92.158363
"2020-07-08" 94.18 95.375 94.089996 95.342499 117092000 94.304733
"2020-07-09" 96.262497 96.317497 94.672501 95.752502 125642800 94.710289
"2020-07-10" 95.334999 95.980003 94.705002 95.919998 90257200 94.875938
"2020-07-13" 97.264999 99.955002 95.2575 95.477501 191649200 94.438263
"2020-07-14" 94.839996 97.254997 93.877502 97.057503 170989200 96.001076
"2020-07-15" 98.989998 99.247498 96.489998 97.724998 153198000 96.661301
"2020-07-16" 96.5625 97.404999 95.904999 96.522499 110577600 95.471893
"2020-07-17" 96.987503 97.147499 95.839996 96.327499 92186800 95.279007
"2020-07-20" 96.417503 98.5 96.0625 98.357498 90318000 97.286911
"2020-07-21" 99.172501 99.25 96.7425 97 103433200 95.944183
"2020-07-22" 96.692497 97.974998 96.602501 97.272499 89001600 96.213715
"2020-07-23" 96.997498 97.077499 92.010002 92.845001 197004400 91.834427
"2020-07-24" 90.987503 92.970001 89.144997 92.614998 185438800 91.606926
"2020-07-27" 93.709999 94.904999 93.480003 94.809998 121214000 93.778023
"2020-07-28" 94.3675 94.550003 93.247498 93.252502 103625600 92.237488
"2020-07-29" 93.75 95.230003 93.712502 95.040001 90329200 94.005531
"2020-07-30" 94.1875 96.297501 93.767502 96.190002 158130000 95.143021
"2020-07-31" 102.885002 106.415001 100.824997 106.260002 374336800 105.103416
"2020-08-03" 108.199997 111.637497 107.892502 108.9375 308151200 107.751755
"2020-08-04" 109.1325 110.790001 108.387497 109.665001 173071600 108.471352
"2020-08-05" 109.377502 110.392502 108.897499 110.0625 121776800 108.86451
"2020-08-06" 110.404999 114.412498 109.797501 113.902496 202428800 112.66272
"2020-08-07" 113.205002 113.675003 110.292503 111.112503 198045600 110.10125
"2020-08-10" 112.599998 113.775002 110 112.727501 212403600 111.701546
"2020-08-11" 111.970001 112.482498 109.107498 109.375 187902400 108.37957
"2020-08-12" 110.497498 113.275002 110.297501 113.010002 165598000 111.981476
"2020-08-13" 114.43 116.042503 113.927498 115.010002 210082000 113.963264
"2020-08-14" 114.830002 115 113.044998 114.907501 165565200 113.86171
"2020-08-17" 116.0625 116.087502 113.962502 114.607498 119561600 113.56443
"2020-08-18" 114.352501 116 114.0075 115.5625 105633600 114.510742
"2020-08-19" 115.982498 117.162498 115.610001 115.707497 145538000 114.654411
"2020-08-20" 115.75 118.392502 115.732498 118.275002 126907200 117.198555
"2020-08-21" 119.262497 124.8675 119.25 124.370003 338054800 123.238083
"2020-08-24" 128.697495 128.785004 123.9375 125.857498 345937600 124.712036
"2020-08-25" 124.697502 125.18 123.052498 124.824997 211495600 123.688934
"2020-08-26" 126.18 126.9925 125.082497 126.522499 163022400 125.370995
"2020-08-27" 127.142502 127.485001 123.832497 125.010002 155552400 123.872261
"2020-08-28" 126.012497 126.442497 124.577499 124.807503 187630000 123.6716
"2020-08-31" 127.580002 131 126 129.039993 225702700 127.86557
"2020-09-01" 132.759995 134.800003 130.529999 134.179993 151948100 132.958786
"2020-09-02" 137.589996 137.979996 127 131.399994 200119000 130.204071
"2020-09-03" 126.910004 128.839996 120.5 120.879997 257599600 119.779854
"2020-09-04" 120.07 123.699997 110.889999 120.959999 332607200 119.859123
"2020-09-08" 113.949997 118.989998 112.68 112.82 231366600 111.793198
"2020-09-09" 117.260002 119.139999 115.260002 117.32 176940500 116.252251
"2020-09-10" 120.360001 120.5 112.5 113.489998 182274400 112.457115
"2020-09-11" 114.57 115.230003 110 112 180860300 110.980667
"2020-09-14" 114.720001 115.93 112.800003 115.360001 140150100 114.310074
"2020-09-15" 118.330002 118.830002 113.610001 115.540001 184642000 114.488441
"2020-09-16" 115.230003 116 112.040001 112.129997 154679000 111.109474
"2020-09-17" 109.720001 112.199997 108.709999 110.339996 178011000 109.33577
"2020-09-18" 110.400002 110.879997 106.089996 106.839996 287104900 105.867622
"2020-09-21" 104.540001 110.190002 103.099998 110.080002 195713800 109.07814
"2020-09-22" 112.68 112.860001 109.160004 111.809998 183055400 110.792389
"2020-09-23" 111.620003 112.110001 106.769997 107.120003 150718700 106.145073
"2020-09-24" 105.169998 110.25 105 108.220001 167743300 107.235069
"2020-09-25" 108.43 112.440002 107.669998 112.279999 149981400 111.258125
"2020-09-28" 115.010002 115.32 112.779999 114.959999 137672400 113.913727
"2020-09-29" 114.550003 115.309998 113.57 114.089996 99382200 113.051643
"2020-09-30" 113.790001 117.260002 113.620003 115.809998 142675200 114.755989
"2020-10-01" 117.639999 117.720001 115.830002 116.790001 116120400 115.727066
"2020-10-02" 112.889999 115.370003 112.220001 113.019997 144712000 111.991371
"2020-10-05" 113.910004 116.650002 113.550003 116.5 106243800 115.439713
"2020-10-06" 115.699997 116.120003 112.25 113.160004 161498200 112.130119
"2020-10-07" 114.620003 115.550003 114.129997 115.080002 96849000 114.032631
"2020-10-08" 116.25 116.400002 114.589996 114.970001 83477200 113.923637
"2020-10-09" 115.279999 117 114.919998 116.970001 100506900 115.905434
"2020-10-12" 120.059998 125.18 119.279999 124.400002 240226800 123.267822
"2020-10-13" 125.269997 125.389999 119.650002 121.099998 262330500 119.997841
"2020-10-14" 121 123.029999 119.620003 121.190002 150712000 120.087021
"2020-10-15" 118.720001 121.199997 118.150002 120.709999 112559200 119.611397
"2020-10-16" 121.279999 121.550003 118.809998 119.019997 115393800 117.936775
"2020-10-19" 119.959999 120.419998 115.660004 115.980003 120639300 114.924446
"2020-10-20" 116.199997 118.980003 115.629997 117.510002 124423700 116.440521
"2020-10-21" 116.669998 118.709999 116.449997 116.870003 89946000 115.806351
"2020-10-22" 117.449997 118.040001 114.589996 115.75 101988000 114.696533
"2020-10-23" 116.389999 116.550003 114.279999 115.040001 82572600 113.992996
"2020-10-26" 114.010002 116.550003 112.879997 115.050003 111850700 114.002914
"2020-10-27" 115.489998 117.279999 114.540001 116.599998 92276800 115.538803
"2020-10-28" 115.050003 115.43 111.099998 111.199997 143937800 110.187935
"2020-10-29" 112.370003 116.93 112.199997 115.32 146129200 114.270447
"2020-10-30" 111.059998 111.989998 107.720001 108.860001 190272600 107.86924
"2020-11-02" 109.110001 110.68 107.32 108.769997 122866900 107.780067
"2020-11-03" 109.660004 111.489998 108.730003 110.440002 107624400 109.434868
"2020-11-04" 114.139999 115.589996 112.349998 114.949997 138235500 113.903816
"2020-11-05" 117.949997 119.620003 116.870003 119.029999 126387100 117.946686
"2020-11-06" 118.32 119.199997 116.129997 118.690002 114457900 117.812683
"2020-11-09" 120.5 121.989998 116.050003 116.32 154515300 115.460197
"2020-11-10" 115.550003 117.589996 114.129997 115.970001 138023400 115.112793
"2020-11-11" 117.190002 119.629997 116.440002 119.489998 112295000 118.606766
"2020-11-12" 119.620003 120.529999 118.57 119.209999 103162300 118.328842
"2020-11-13" 119.440002 119.669998 117.870003 119.260002 81581900 118.378471
"2020-11-16" 118.919998 120.989998 118.150002 120.300003 91183000 119.410782
"2020-11-17" 119.550003 120.669998 118.959999 119.389999 74271000 118.507515
"2020-11-18" 118.610001 119.82 118 118.029999 76322100 117.157547
"2020-11-19" 117.589996 119.059998 116.809998 118.639999 74113000 117.763054
"2020-11-20" 118.639999 118.769997 117.290001 117.339996 73604300 116.472649
"2020-11-23" 117.18 117.620003 113.75 113.849998 127959300 113.008461
"2020-11-24" 113.910004 115.849998 112.589996 115.169998 113874200 114.318703
"2020-11-25" 115.550003 116.75 115.169998 116.029999 76499200 115.172348
"2020-11-27" 116.57 117.489998 116.220001 116.589996 46691300 115.728195
"2020-11-30" 116.970001 120.970001 116.809998 119.050003 169410200 118.170029
"2020-12-01" 121.010002 123.470001 120.010002 122.720001 127728200 121.812897
"2020-12-02" 122.019997 123.370003 120.889999 123.080002 89004200 122.170227
"2020-12-03" 123.519997 123.779999 122.209999 122.940002 78967600 122.031281
"2020-12-04" 122.599998 122.860001 121.519997 122.25 78260400 121.346367
"2020-12-07" 122.309998 124.57 122.25 123.75 86712000 122.835289
"2020-12-08" 124.370003 124.980003 123.089996 124.379997 82225500 123.460625
"2020-12-09" 124.529999 125.949997 121 121.779999 115089200 120.879837
"2020-12-10" 120.5 123.870003 120.150002 123.239998 81312200 122.329048
"2020-12-11" 122.43 122.760002 120.550003 122.410004 86939800 121.505196
"2020-12-14" 122.599998 123.349998 121.540001 121.779999 79184500 120.879837
"2020-12-15" 124.339996 127.900002 124.129997 127.879997 157243700 126.934746
"2020-12-16" 127.410004 128.369995 126.559998 127.809998 98208600 126.865273
"2020-12-17" 128.899994 129.580002 128.039993 128.699997 94359800 127.748688
"2020-12-18" 128.960007 129.100006 126.120003 126.660004 192541500 125.723778
"2020-12-21" 125.019997 128.309998 123.449997 128.229996 121251600 127.282166
"2020-12-22" 131.610001 134.410004 129.649994 131.880005 168904800 130.905167
"2020-12-23" 132.160004 132.429993 130.779999 130.960007 88223700 129.991989
"2020-12-24" 131.320007 133.460007 131.100006 131.970001 54930100 130.994522
"2020-12-28" 133.990005 137.339996 133.509995 136.690002 124486200 135.679642
"2020-12-29" 138.050003 138.789993 134.339996 134.869995 121047300 133.873077
"2020-12-30" 135.580002 135.990005 133.399994 133.720001 96452100 132.731583
"2020-12-31" 134.080002 134.740005 131.720001 132.690002 99116600 131.709213
"2021-01-04" 133.520004 133.610001 126.760002 129.410004 143301900 128.45343
"2021-01-05" 128.889999 131.740005 128.429993 131.009995 97664900 130.041626
"2021-01-06" 127.720001 131.050003 126.379997 126.599998 155088000 125.664207
"2021-01-07" 128.360001 131.630005 127.860001 130.919998 109578200 129.952286
"2021-01-08" 132.429993 132.630005 130.229996 132.050003 105158200 131.073929
"2021-01-11" 129.190002 130.169998 128.5 128.979996 100384500 128.026611
"2021-01-12" 128.5 129.690002 126.860001 128.800003 91951100 127.847969
"2021-01-13" 128.759995 131.449997 128.490005 130.889999 88636800 129.922516
"2021-01-14" 130.800003 131 128.759995 128.910004 90221800 127.957138
"2021-01-15" 128.779999 130.220001 127 127.139999 111598500 126.200218
"2021-01-19" 127.779999 128.710007 126.940002 127.830002 90757300 126.885117
"2021-01-20" 128.660004 132.490005 128.550003 132.029999 104319500 131.054092
"2021-01-21" 133.800003 139.669998 133.589996 136.869995 120150900 135.858292
"2021-01-22" 136.279999 139.850006 135.020004 139.070007 114459400 138.042038
"2021-01-25" 143.070007 145.089996 136.539993 142.919998 157611700 141.863586
"2021-01-26" 143.600006 144.300003 141.369995 143.160004 98390600 142.101807
"2021-01-27" 143.429993 144.300003 140.410004 142.059998 140843800 141.009949
"2021-01-28" 139.520004 141.990005 136.699997 137.089996 142621100 136.076691
"2021-01-29" 135.830002 136.740005 130.210007 131.960007 177523800 130.984604
"2021-02-01" 133.75 135.380005 130.929993 134.139999 106239800 133.148499
"2021-02-02" 135.729996 136.309998 134.610001 134.990005 83305400 133.992218
"2021-02-03" 135.759995 135.770004 133.610001 133.940002 89880900 132.949966
"2021-02-04" 136.300003 137.399994 134.589996 137.389999 84183100 136.374466
"2021-02-05" 137.350006 137.419998 135.860001 136.759995 75693800 135.95195
"2021-02-08" 136.029999 136.960007 134.919998 136.910004 71297200 136.101089
"2021-02-09" 136.619995 137.880005 135.850006 136.009995 76774200 135.206406
"2021-02-10" 136.479996 136.990005 134.399994 135.389999 73046600 134.590057
"2021-02-11" 135.899994 136.389999 133.770004 135.130005 64280000 134.331604
"2021-02-12" 134.350006 135.529999 133.690002 135.369995 60145100 134.57019
"2021-02-16" 135.490005 136.009995 132.789993 133.190002 80576300 132.403046
"2021-02-17" 131.25 132.220001 129.470001 130.839996 97918500 130.066956
"2021-02-18" 129.199997 130 127.410004 129.710007 96856700 128.943634
"2021-02-19" 130.240005 130.710007 128.800003 129.869995 87668800 129.102661
"2021-02-22" 128.009995 129.720001 125.599998 126 103916400 125.255539
"2021-02-23" 123.760002 126.709999 118.389999 125.860001 158273000 125.116379
"2021-02-24" 124.940002 125.559998 122.230003 125.349998 111039900 124.609375
"2021-02-25" 124.68 126.459999 120.540001 120.989998 148199500 120.275139
"2021-02-26" 122.589996 124.849998 121.199997 121.260002 164560400 120.543556
